"baseMean"	"log2FoldChange"	"lfcSE"	"stat"	"pvalue"	"padj"
"ENSG00000107404"	1716.93986108049	0.744757557913453	0.235312121166835	3.16497745301197	0.00155094969095225	0.0406661323817964
"ENSG00000116251"	6191.44840445521	0.526427538949151	0.154801014265397	3.40067241450125	0.000672203300226723	0.0266842882258552
"ENSG00000007923"	1598.35811467041	0.385582729329171	0.124680876898416	3.09255708590601	0.00198440062938596	0.0457192892547381
"ENSG00000116288"	3249.55961984438	0.495655220103919	0.156776423284436	3.16154182956873	0.00156936276545539	0.0409198966710761
"ENSG00000233954"	217.637738948995	2.54710273134402	0.773549437077075	3.29274718493556	0.00099213643203238	0.032632525540812
"ENSG00000055070"	1568.93926960781	0.871252953491591	0.2667032823315	3.26675002225381	0.00108789696335413	0.0344353691958985
"ENSG00000173436"	296.781815038511	-0.495880992148113	0.154123266693626	-3.21743110424626	0.00129344087324649	0.0374033292851978
"ENSG00000090432"	799.676059798769	-0.294234910171291	0.0888319017836897	-3.31226624966072	0.000925434258473505	0.0317573901366413
"ENSG00000117318"	71.8462055564457	0.861643445272984	0.25369670574011	3.39635251770145	0.000682903475814757	0.0266842882258552
"ENSG00000142676"	9948.63313559305	0.938937252842083	0.187672756119921	5.00305570320559	5.64286268310557e-07	0.000176232871440813
"ENSG00000169504"	3119.42634626498	-0.68089948263975	0.149610819299814	-4.55113798471523	5.3356540082283e-06	0.0010414900198839
"ENSG00000187010"	391.198696190315	-0.372513913486372	0.112318062853149	-3.31659845285453	0.000911204761485743	0.0315636126417244
"ENSG00000188672"	302.69612982267	-0.539577702619753	0.123942018258206	-4.3534687445194	1.34000207712951e-05	0.00216464243585955
"ENSG00000158062"	241.746436901566	0.596143891144709	0.185517405186192	3.21341218925737	0.00131167899473988	0.0375444737109456
"ENSG00000060642"	291.159188748209	-0.422006805291985	0.110406180864315	-3.82231141398337	0.000132206580174203	0.010678340676829
"ENSG00000090273"	3365.62201615022	0.84082465798622	0.200904507330481	4.18519558948019	2.84920663028817e-05	0.0038037575091993
"ENSG00000126705"	879.396582990357	0.556114008414993	0.176598635432145	3.14902777733336	0.00163814623575154	0.0417074405747322
"ENSG00000060688"	1991.04446437556	0.282783747761763	0.083438779229993	3.38911655193673	0.000701182000951064	0.0267782930471909
"ENSG00000116497"	1347.81960336323	-0.410695344975585	0.117190010851641	-3.50452518939957	0.000457422292614688	0.0212867976834663
"ENSG00000229994"	58.1364614900619	-0.95478953172122	0.216429092479644	-4.41155817261961	1.02629372200063e-05	0.00180294149612461
"ENSG00000116871"	1323.16069126909	0.782470562714524	0.235720771504856	3.31948074715344	0.000901850232532371	0.0313827442939585
"ENSG00000168653"	2952.19398585476	0.500050853336197	0.105581970623962	4.73613866440478	2.17828576673322e-06	0.000518875053655402
"ENSG00000260920"	194.401180250339	-0.624391326075708	0.163709984996079	-3.81400881620424	0.000136730586899485	0.0107955711701425
"ENSG00000171960"	1167.68423657293	0.427781144461025	0.138748154387965	3.08314835860716	0.00204823015608405	0.0462794640090117
"ENSG00000065978"	16975.4954512503	0.901469494763087	0.248852973964906	3.62249837886291	0.000291771290161068	0.0163235411398556
"ENSG00000178922"	48.6806969380339	0.846990005842527	0.270717021919843	3.12869135393087	0.00175586639928771	0.0433732789690898
"ENSG00000142937"	22350.6320379321	0.330917327943755	0.0959419287757513	3.44914191497255	0.000562371060800009	0.0236633619415668
"ENSG00000173660"	4869.20821905667	0.829307681040893	0.218211015046185	3.8004849611527	0.00014441318278222	0.0108764611567399
"ENSG00000235105"	29.6189634322597	-1.50012648343794	0.321252810721459	-4.66961356717474	3.01766840588556e-06	0.000632989728004712
"ENSG00000228929"	181.023908964441	-0.990535316601678	0.15060768926913	-6.5769239366765	4.80280304039584e-11	5.62488282747693e-08
"ENSG00000157184"	302.025300734968	-0.406974438112254	0.131972694289049	-3.08377759736338	0.00204390327237716	0.0462560653623006
"ENSG00000162385"	689.36468313499	0.71467661044445	0.164867304863011	4.3348595468233	1.45853216883193e-05	0.00230316978660269
"ENSG00000157216"	1904.21585865652	0.594376870894425	0.180883115994377	3.28597209102093	0.00101631079093968	0.0331397490855364
"ENSG00000203965"	91.9914624167057	-0.630933032251639	0.184575472215139	-3.41829293285639	0.00063015246051271	0.0254487433334645
"ENSG00000116761"	432.150724797264	-1.024130630339	0.111127200968813	-9.21584113889829	3.08847211665514e-20	1.44684623758238e-16
"ENSG00000254685"	361.592755243562	-0.743308974808057	0.186994248954125	-3.97503655307822	7.03684475096082e-05	0.00716636348768141
"ENSG00000142875"	149.201970650104	-0.572138517257259	0.177727332462385	-3.21919262124946	0.00128552100250916	0.0374033292851978
"ENSG00000234518"	312.421691494048	-0.717171177769657	0.201324791962618	-3.56225962425343	0.000367676507471512	0.0191382430963134
"ENSG00000171488"	398.820231988132	-0.455567266126685	0.149216457358665	-3.05306314190035	0.0022651827021887	0.0492038295155486
"ENSG00000171492"	451.430513596969	-0.476929552367717	0.130404601986925	-3.65730614641604	0.000254879889022679	0.0149877906289738
"ENSG00000228175"	43.2272097198166	0.998509789411387	0.3070920391443	3.25150007858782	0.00114797743885087	0.0354813303696131
"ENSG00000137970"	484.710111689922	1.03025059335224	0.161013061323467	6.39855291790597	1.56856382629201e-10	1.37778725091924e-07
"ENSG00000183298"	185.551322194504	-0.724596925211756	0.179883776187908	-4.02813939404317	5.62200090833406e-05	0.00604470802676164
"ENSG00000155366"	829.619615813873	0.934565272576785	0.2455590547876	3.80586768989298	0.00014130791316269	0.0108764611567399
"ENSG00000116874"	496.943853277514	-0.399608639700847	0.119772594062353	-3.33639463041782	0.000848725947611756	0.0302740976338467
"ENSG00000143067"	275.565050748883	-0.562685507304657	0.118739511930174	-4.73882280765607	2.14963370594293e-06	0.000518875053655402
"ENSG00000092621"	740.187726524534	-0.730416955490921	0.139378438400641	-5.24053048572226	1.60115631983965e-07	6.38117745269192e-05
"ENSG00000274642"	96.31984372134	0.8351050047792	0.221218363840721	3.77502568177606	0.000159991179594941	0.0114720206021801
"ENSG00000265972"	3010.37534478263	-0.669044945019086	0.0975142789885743	-6.8609946354367	6.83827318382546e-12	8.73682648413481e-09
"ENSG00000226015"	128.744277272615	-0.610577803118588	0.195993539344455	-3.11529556107209	0.00183760680505917	0.0441762662494288
"ENSG00000117360"	928.663041293676	0.438767604310603	0.115439154836723	3.80085600012574	0.000144197086716403	0.0108764611567399
"ENSG00000143369"	367.988165387145	0.527667827249947	0.128411593761409	4.10919148180938	3.97046763347756e-05	0.00476931214708492
"ENSG00000143420"	2609.62010584578	0.572264208219769	0.171905548559286	3.32894553442764	0.000871754504176215	0.0306290945042313
"ENSG00000143434"	61.1408267139329	0.865162348596118	0.227451363028187	3.80372461645307	0.000142536630250764	0.0108764611567399
"ENSG00000159352"	2621.9288481079	0.47059763658539	0.133505774297842	3.524923465374	0.000423605159041627	0.0203185901200376
"ENSG00000143436"	547.422245301409	0.532431986399977	0.136699748423038	3.89490099683494	9.82388466068813e-05	0.00908321546192836
"ENSG00000143545"	443.980524552319	1.00519948679651	0.200416494465351	5.01555268431408	5.28812310988269e-07	0.000168907459514299
"ENSG00000143590"	19.9174416002992	1.95930406256944	0.634377878859768	3.08854411205368	0.00201139830401555	0.0458899216958353
"ENSG00000176444"	1015.1528185965	0.339350852959199	0.0962667626777288	3.52510922274638	0.00042330821752597	0.0203185901200376
"ENSG00000162734"	653.247525772452	0.689918933819638	0.198960122536894	3.4676241903284	0.000525081051860819	0.0226856377998769
"ENSG00000224261"	262.485895727154	-1.81562700251526	0.222265472678452	-8.16873165514961	3.11648497991186e-16	7.29984665128021e-13
"ENSG00000143256"	845.476727548566	0.501882779787663	0.154392504214694	3.25069395266597	0.0011512371316738	0.0354813303696131
"ENSG00000143222"	964.611112567618	0.377446983927183	0.117023167743305	3.22540391963349	0.00125795051543615	0.0370633889810056
"ENSG00000158887"	90.3851165183631	1.10144006546291	0.288128278775642	3.82274197500958	0.000131975861770155	0.010678340676829
"ENSG00000215835"	13.3527651784804	2.39246226619314	0.669426112045693	3.57390042477136	0.000351702724026537	0.0184991796775763
"ENSG00000213064"	2465.90631691358	-0.351218346708656	0.0987552358085357	-3.55645291951497	0.000375895807283071	0.0192804367721032
"ENSG00000198756"	883.060542978593	-0.555925045520909	0.0903112142450484	-6.15565907476866	7.47659061936056e-10	6.1809414449702e-07
"ENSG00000198860"	1922.02994412565	-0.48312322657841	0.14247948598192	-3.39082656881369	0.000696821814350994	0.0266842882258552
"ENSG00000135842"	1333.77601513322	-0.416883391903591	0.0883075987005612	-4.72080996469154	2.34907333602479e-06	0.000524029788325276
"ENSG00000121486"	1305.64969939269	-0.537898700257844	0.167505429676229	-3.21123142872172	0.00132167448239043	0.0377198141816225
"ENSG00000231767"	63.211841268016	-0.758075314789413	0.216813276319779	-3.49644324211643	0.000471504787442703	0.0216283133604441
"ENSG00000143862"	131.815432429057	0.80936195175583	0.215851236246778	3.74962852114733	0.000177096716623103	0.0120845680226108
"ENSG00000143476"	2701.55066706518	-0.368425006047532	0.115697993188603	-3.18436816312751	0.00145070375541277	0.0393891391303743
"ENSG00000220749"	70.9833828683667	-0.644709841245278	0.201983442945855	-3.19189450304648	0.00141342946908024	0.0390103795038293
"ENSG00000162772"	231.967897337971	-0.839712380239343	0.129386261529432	-6.48996555208706	8.58560027134077e-11	8.61871615810165e-08
"ENSG00000136628"	9715.49498764045	-0.387709691092205	0.125353197842054	-3.09293817602262	0.00198185417840274	0.0457192892547381
"ENSG00000143751"	2693.00201188689	-0.291119707139688	0.084648810941626	-3.43914703468718	0.000583550196816526	0.0241212190178219
"ENSG00000181450"	477.224817923669	-0.566680639604875	0.177731466801872	-3.18840917594287	0.00143057943338051	0.0392682878061127
"ENSG00000135776"	3828.55860467959	-0.493914400346591	0.114016783525518	-4.3319446933534	1.47798072802544e-05	0.00230794901685217
"ENSG00000259823"	17.9358082158343	-1.30268724181002	0.383301286726834	-3.39859866616727	0.000677320271284253	0.0266842882258552
"ENSG00000172059"	368.7987671426	-0.412419253350105	0.120211376507707	-3.43078388528113	0.000601839870496846	0.0246129472213483
"ENSG00000228474"	449.466506841323	1.61073632265358	0.413127348746123	3.89888572504895	9.66363649137466e-05	0.0090541831499853
"ENSG00000115241"	3577.53172325781	0.554648335714448	0.158780619865461	3.49317401698277	0.000477315354905655	0.021709352743832
"ENSG00000115310"	6389.54915773933	-0.246722987748375	0.0777953863670962	-3.17143469902127	0.00151687967601985	0.0403754298613315
"ENSG00000115902"	1144.98697838138	-0.609376303843192	0.0826134598489029	-7.3762351190438	1.6282835761107e-13	2.54265526429553e-10
"ENSG00000115998"	139.265429568308	-0.523247007220947	0.147012479080549	-3.55920130381758	0.000371984334671912	0.0192308302319887
"ENSG00000065911"	3867.84780079724	-0.452002614121214	0.0919926205000123	-4.9134660113433	8.94802507692267e-07	0.000251511088862142
"ENSG00000204843"	1226.06771687218	0.490586820032738	0.159872779399846	3.06860756330362	0.00215058892836176	0.0478233810113863
"ENSG00000034510"	840.996997789734	1.24261097517752	0.277521428736876	4.47753163001932	7.55110425219859e-06	0.00139635814684736
"ENSG00000118640"	534.475359087359	0.801982006135144	0.206936140664025	3.87550479854177	0.000106403882808146	0.00958589851913903
"ENSG00000144029"	1506.29723529371	0.434849581181633	0.13726297072125	3.16800356932908	0.00153489636029369	0.0405478072322696
"ENSG00000135940"	2080.06429277995	0.626064060673862	0.185416729108971	3.3765241339465	0.000734079316987039	0.0274424513185283
"ENSG00000155368"	391.326674458881	0.944620333326732	0.191841579975868	4.92396035023042	8.48100277718761e-07	0.000243249006184887
"ENSG00000136720"	101.27295468038	0.749394926160259	0.234527673057186	3.19533689304772	0.00139667703019122	0.0387157770854189
"ENSG00000173272"	832.838408712257	0.727884091451309	0.228685269797836	3.18290763587344	0.00145804117410671	0.0394278533582929
"ENSG00000169432"	596.13124953943	-0.484738121701418	0.145799204586643	-3.32469661323396	0.000885147975649972	0.0309449493775739
"ENSG00000218175"	1897.84851736138	-1.55863195163969	0.210391552610804	-7.40824397319291	1.27982699936781e-13	2.2483360811394e-10
"ENSG00000079156"	607.747566211695	-0.40866282308801	0.125434782213302	-3.25797052362301	0.00112212061327319	0.0352477844863607
"ENSG00000223960"	227.938287037027	-0.467929726532345	0.151614875438413	-3.0863048574836	0.00202660922664212	0.0461620195643895
"ENSG00000260742"	96.457941968242	-0.59911019418587	0.196608522344934	-3.04722393027693	0.00230965576692638	0.0497088853727157
"ENSG00000003400"	415.009600038836	-0.387052724041127	0.11881645641098	-3.25756831782906	0.0011237120572979	0.0352477844863607
"ENSG00000115993"	476.901979551566	-0.418136009818388	0.132479185084485	-3.15623929564281	0.00159817685412133	0.0410944702437933
"ENSG00000115053"	16495.6320162658	0.249181568642327	0.0770981865141712	3.23200298098484	0.00122925773721157	0.0365100917506809
"ENSG00000115677"	4994.31675827243	0.309797637644018	0.0993085165745822	3.11954753056205	0.00181129035472385	0.0438894390436017
"ENSG00000176946"	851.789532969472	0.458100568256147	0.131045916000352	3.49572563753086	0.000472774542970108	0.0216283133604441
"ENSG00000156983"	995.593499110671	0.478067569409816	0.154984201762725	3.08462129670301	0.00203811483724804	0.0462560653623006
"ENSG00000254999"	2157.15214727189	0.426193385421827	0.125378957293327	3.39924174376994	0.000675729617757786	0.0266842882258552
"ENSG00000144713"	10439.2676068674	0.538017905759409	0.145554142263218	3.69634211293323	0.000218728181052162	0.013541876019855
"ENSG00000154767"	630.186458695918	0.406006551131164	0.131427857199563	3.08919706812747	0.00200698264143961	0.0458636325899061
"ENSG00000131370"	82.8894391308855	1.23312641639733	0.245292769662152	5.02716169781827	4.97792595860572e-07	0.000163711542532382
"ENSG00000093167"	1056.80855360139	0.288742298824086	0.0931754013614549	3.09891124272134	0.0019423319892298	0.0453447404927502
"ENSG00000114739"	1151.49945095738	-0.375790410328572	0.102618416031634	-3.66201725636388	0.00025023699891302	0.01477659992741
"ENSG00000188846"	16810.4641315501	0.505751203330437	0.145914068797991	3.46608937367526	0.00052808770625648	0.0226964667392311
"ENSG00000225873"	34.6481283666619	1.26564446152412	0.398087206577208	3.17931458387286	0.00147623781236513	0.039669304426347
"ENSG00000160799"	603.215973729407	0.683768716287173	0.201492130527082	3.39352566523818	0.000689990925730557	0.0266842882258552
"ENSG00000114268"	461.898861932436	0.383481353287477	0.123571739318601	3.10330950589568	0.00191369389421998	0.045050341690733
"ENSG00000004534"	1188.91716754523	0.484322025528607	0.153424807622945	3.15673868543392	0.00159544252994861	0.0410944702437933
"ENSG00000145050"	260.708163430983	0.725179916693278	0.164529481099109	4.40759863733143	1.0452300458261e-05	0.00181353864988149
"ENSG00000213300"	64.2941788100706	1.2740274917488	0.238985548984848	5.33098129640287	9.76834803137681e-08	4.1601322191809e-05
"ENSG00000212319"	29.7790898749978	-1.11439638133996	0.330715824235648	-3.36964940796395	0.000752638764623239	0.0278357505210921
"ENSG00000182504"	464.651434563586	-0.522568453889564	0.143484273934964	-3.64199113643928	0.000270537390225099	0.0154647394717453
"ENSG00000196776"	973.905068616316	-0.38763426677701	0.12155700769769	-3.18890925433972	0.00142810700744797	0.0392682878061127
"ENSG00000160145"	95.9393317913877	0.6173668499219	0.184492112692396	3.34630484150418	0.000818963062814485	0.0296641930020484
"ENSG00000241627"	46.0622047860184	0.825435907898817	0.253437145799603	3.25696497762606	0.00112610326130468	0.0352477844863607
"ENSG00000240489"	143.837929182044	-0.65963149599902	0.212811820441055	-3.09959989361458	0.00193782219857043	0.0453147307466036
"ENSG00000068885"	266.531388877041	-0.581473604387868	0.168907562062763	-3.44255518987244	0.000576246269971619	0.0239602517105951
"ENSG00000213178"	68.6130283942915	1.27054447664285	0.2150167945731	5.9090476126082	3.44091247975082e-09	2.4179291995209e-06
"ENSG00000240429"	159.651047216342	0.798253463656504	0.241854818038344	3.30054811448886	0.000964961661630346	0.032289455220364
"ENSG00000114796"	384.611783862165	-0.60286934819755	0.133125101908359	-4.52859257612102	5.9377865202685e-06	0.00114314591446375
"ENSG00000161204"	1004.46131277298	0.365921918398459	0.111586420890974	3.27926924689148	0.00104076286231901	0.0335830228152119
"ENSG00000114867"	11814.846688361	0.44898769709524	0.12725972336798	3.52812095777515	0.000418520864829764	0.0203185901200376
"ENSG00000229638"	194.94669418608	0.787576181013589	0.164122387193556	4.79871268314401	1.59688677040632e-06	0.000393730643355972
"ENSG00000090520"	1251.94341705183	0.394355140948932	0.0992010599194161	3.97531176853633	7.02871176323002e-05	0.00716636348768141
"ENSG00000263826"	47.8780667808764	0.826298539682561	0.243429166630165	3.39441058407735	0.000687764950537473	0.0266842882258552
"ENSG00000273308"	16.1845645736475	1.32680691770916	0.4187184270504	3.16873304825789	0.00153104948786949	0.0405478072322696
"ENSG00000087269"	1773.95405894899	0.492188521033163	0.146040428907834	3.37022100464921	0.000751079193616171	0.0278357505210921
"ENSG00000178988"	1263.04585785939	0.313508911374665	0.0996392909974584	3.14643860104005	0.0016527195795267	0.0418510287759787
"ENSG00000109618"	518.896751843567	-0.621300324479451	0.131539481064067	-4.72329919088585	2.32049077198528e-06	0.000524029788325276
"ENSG00000091490"	1035.63603508353	-0.393345845607179	0.0961580261284413	-4.09061896800767	4.30223453664206e-05	0.00508097514100567
"ENSG00000109680"	52.6164974066617	-0.770137444277144	0.231395574184142	-3.32822893001522	0.000874000134712076	0.0306314161926272
"ENSG00000163285"	68.321737232666	-1.05917814158888	0.303753455889851	-3.48696655478702	0.000488532447338224	0.022076639919265
"ENSG00000248375"	50.2670296844196	-0.818909857162959	0.232194432833764	-3.52682812920517	0.000420569674352023	0.0203185901200376
"ENSG00000243199"	159.951871135553	1.08738252211639	0.317373657805804	3.42619021891774	0.000612111545692822	0.0249351178642519
"ENSG00000249565"	133.284684467401	0.846162254017054	0.236341324087357	3.58025519779305	0.000343258800045783	0.0184833684898216
"ENSG00000138668"	8811.17548769444	0.483345436554776	0.12958856561717	3.72984633522892	0.000191596583488048	0.0123695745969736
"ENSG00000152795"	6969.91115074469	0.275096938631737	0.0786098457944264	3.49952268512454	0.00046609194317084	0.0214884080013178
"ENSG00000164066"	298.357168475819	-0.609795898356085	0.153175694615823	-3.98102257597395	6.86194309116242e-05	0.00709101089729387
"ENSG00000250033"	34.7759261929037	-1.11021981388454	0.310395268439264	-3.57679361372667	0.000347834582289351	0.0184991796775763
"ENSG00000151012"	1205.8867750298	-1.22349361997943	0.139599515461285	-8.76431136552719	1.879217897147e-18	5.28210566530078e-15
"ENSG00000179967"	129.709414179933	2.47481491366232	0.772124344024491	3.20520254647459	0.00134967467833737	0.0379366558587069
"ENSG00000241923"	17.4403107703964	1.36902893792542	0.376095212641351	3.64011264145216	0.000272518797261965	0.0155059885697152
"ENSG00000205208"	720.230608913172	-0.426731304423937	0.134004378852479	-3.18445791158594	0.00145025398755226	0.0393891391303743
"ENSG00000171497"	1025.31930016027	0.339605061992034	0.101103230576212	3.35899318010456	0.000782269979430446	0.0285874591703487
"ENSG00000164118"	1178.01527188743	-0.533243206538529	0.160644838993574	-3.31939208180763	0.000902136665345043	0.0313827442939585
"ENSG00000145494"	1400.94522616688	0.582400030258778	0.17599144985851	3.30925184562661	0.000935456503304683	0.0318275544712016
"ENSG00000145592"	8756.04403949634	0.882934187691835	0.173393676428949	5.0920783610793	3.54159664046239e-07	0.000124433997962646
"ENSG00000151876"	380.537098050524	-0.555312025200661	0.143943000535425	-3.85786056380002	0.000114383867515826	0.00987389631779254
"ENSG00000151881"	450.742487577104	-0.513075084178194	0.153998915839208	-3.33167984581075	0.000863235023482242	0.0305450730402944
"ENSG00000248092"	517.053985354744	-0.423339934301192	0.120520239770893	-3.51260448125521	0.000443737498303282	0.0210187974492925
"ENSG00000112996"	2387.75662898018	-0.363670847123293	0.117467945108953	-3.09591562860815	0.00196206181325063	0.0456065923911775
"ENSG00000226221"	39.6281673932571	0.867868086620432	0.259876824138679	3.33953629569256	0.000839183840020289	0.030086453284809
"ENSG00000164182"	402.360448755845	0.425021054797666	0.127548821693869	3.33222251019899	0.000861553415438846	0.0305450730402944
"ENSG00000164346"	1337.58676779411	0.425817428943313	0.113330556930817	3.75730465353008	0.000171753348583653	0.011890746605885
"ENSG00000185641"	247.338461773722	0.757292884540083	0.165393436172837	4.57873602522358	4.67794109417336e-06	0.000939196916250177
"ENSG00000164244"	1693.91275568818	-0.346688099421126	0.111047778712487	-3.1219723927908	0.0017964378367991	0.0437558706384308
"ENSG00000113141"	1536.85256409145	0.611295347964499	0.143289185223624	4.26616528672756	1.98861474788303e-05	0.00294189385965769
"ENSG00000170445"	1404.14732941492	0.406663659208222	0.120940687913961	3.36250492884188	0.000772387472259435	0.028416579934906
"ENSG00000164284"	1238.78763319601	-0.549888553560377	0.1133781637897	-4.85003933015124	1.23436996269292e-06	0.000327317650107288
"ENSG00000037241"	392.859783971336	0.554328036152642	0.139994276262554	3.95964785812401	7.50603606492224e-05	0.00748154828768916
"ENSG00000113739"	283.287511955423	-0.840370454734008	0.167205651522268	-5.02596920070066	5.0089628069535e-07	0.000163711542532382
"ENSG00000146066"	467.912946255787	0.733632898222875	0.23900455660703	3.06953519480012	0.00214392143524985	0.0478233810113863
"ENSG00000169223"	1674.21251074528	0.509580852507559	0.159267932603367	3.19951947751212	0.00137656885420374	0.038385513247975
"ENSG00000197451"	4934.41901951488	0.802430539224699	0.194683892239792	4.12170996785059	3.76070485342933e-05	0.00455628844914619
"ENSG00000204628"	15862.1939487779	0.433614713428293	0.119727468869826	3.62168111897314	0.000292694774956853	0.0163235411398556
"ENSG00000248103"	66.2058744026667	1.29031513320076	0.238642743266535	5.40689029776879	6.41283937715952e-08	3.33800165209629e-05
"ENSG00000239264"	98.033223801078	1.1638632702567	0.377683018438719	3.08158750443144	0.00205899948282322	0.0463736838647395
"ENSG00000111843"	3521.85479898344	-0.278948620938493	0.0695328124122629	-4.01175518810594	6.02689817672304e-05	0.00636857345681696
"ENSG00000214027"	26.2873078087415	-1.60018096972849	0.375306764810924	-4.26366140917988	2.01104108919111e-05	0.00294408036119707
"ENSG00000218073"	22.7177397489331	1.29269882896372	0.332805906092572	3.88424245272904	0.000102649436913038	0.00942898814624726
"ENSG00000214975"	36.3947833387893	-0.812359752880238	0.260195450901709	-3.1221135883237	0.00179557645882359	0.0437558706384308
"ENSG00000187837"	12503.1889927759	-0.279903999003938	0.0897940541244264	-3.11717743154885	0.00182591642276141	0.0440918031022144
"ENSG00000197903"	5828.51440189146	0.720311799858117	0.183565322903552	3.92400802321786	8.70878329738876e-05	0.00838309866174668
"ENSG00000124613"	224.178212802208	-0.553911112380514	0.14933866482301	-3.70909377713392	0.000208002384461951	0.0131088139516962
"ENSG00000204590"	1470.27681568689	0.558509670214066	0.176225575174509	3.16928839449664	0.00152812685154364	0.0405478072322696
"ENSG00000204389"	1875.83562814787	0.513830784574234	0.158101004600063	3.25001593679961	0.00115398541339177	0.0354882078770414
"ENSG00000204388"	1362.31966190662	0.571315213782197	0.130699193703792	4.37122217507315	1.23552990998438e-05	0.00201908573894424
"ENSG00000241404"	50.1037342654712	1.59068384359398	0.330376348694471	4.81476307211396	1.47374638685734e-06	0.000369857709301663
"ENSG00000204220"	650.580566663034	1.61360347787433	0.458546654009268	3.51895159143766	0.00043325575495044	0.0207108040138554
"ENSG00000096433"	1851.03687356476	0.310997201227358	0.0983348231031336	3.16263548774765	0.00156347962778694	0.0408422726559809
"ENSG00000124614"	133.205336255855	0.915212227078643	0.259613500990796	3.52528748923227	0.000423023433309184	0.0203185901200376
"ENSG00000124562"	2818.51497160725	0.512250668033676	0.142021775809782	3.60684595804353	0.000309941532877541	0.0169490984554901
"ENSG00000065060"	2346.30184628763	-0.422616937078414	0.0807026306205079	-5.23671823122728	1.63456943430275e-07	6.38117745269192e-05
"ENSG00000198937"	102.839082494314	0.668125927328937	0.211508925473875	3.15885452981256	0.00158390529232349	0.0410944702437933
"ENSG00000181524"	86.0323203309234	1.11322570163995	0.268176435071058	4.15109441418662	3.3088922244846e-05	0.00404375402807883
"ENSG00000124733"	552.148198657527	1.29859876929543	0.276927430352305	4.68931072535274	2.7412686030191e-06	0.000592704445335853
"ENSG00000235174"	259.312600492319	0.840796581617055	0.173773359802687	4.8384665093185	1.30844737936519e-06	0.000340535545733304
"ENSG00000118689"	711.155225475576	-0.420911332150439	0.0989142943577763	-4.25531350027114	2.08756308898668e-05	0.00296349612652715
"ENSG00000074935"	428.769879436291	-0.685376397832989	0.164533717361727	-4.1655680599873	3.10578248192367e-05	0.00388837677890258
"ENSG00000230202"	64.4021918050902	0.904089993622262	0.259410662260369	3.4851689816621	0.000491826335492527	0.0221542542276025
"ENSG00000279453"	55.1428931004605	-0.866758766644307	0.223990731358702	-3.8696188962224	0.000109005612666093	0.00975773809177882
"ENSG00000111912"	580.240893579489	-0.65883205990591	0.124570003300319	-5.28884998355154	1.23087788331604e-07	5.08786993297753e-05
"ENSG00000001036"	1563.90614653734	0.329199161841911	0.0947646477634902	3.4738604491362	0.000513027779920136	0.022461347099681
"ENSG00000111981"	62.0838826641639	-0.837611203275701	0.214021463443459	-3.9136785152251	9.09006417281883e-05	0.00869059604658475
"ENSG00000120254"	2497.637908686	-0.369898043295108	0.0754785536525278	-4.90070391382916	9.5493883187661e-07	0.00026315118319988
"ENSG00000092820"	3311.06844783391	0.33472505693894	0.103320610615944	3.23967362313755	0.00119666587210845	0.0360900046493822
"ENSG00000184465"	1213.36646509886	-0.361434783327349	0.116418724455878	-3.10461040538483	0.0019052980506355	0.0450206568286501
"ENSG00000106268"	203.534345065629	0.856750461141198	0.212617141667914	4.02954556918724	5.58847820733592e-05	0.00604470802676164
"ENSG00000156928"	546.275188467042	0.334082058839227	0.0983427807674917	3.39711828597856	0.000680995233005493	0.0266842882258552
"ENSG00000106105"	6263.33831237174	-0.451147970147428	0.105994565698987	-4.25633113520782	2.07808858598393e-05	0.00296349612652715
"ENSG00000164610"	242.608142895758	0.498459435194196	0.146523290996482	3.40191263657983	0.000669160252238732	0.0266842882258552
"ENSG00000233225"	28.448871461747	1.15509248644642	0.368526466061466	3.1343542264174	0.00172232805229786	0.0429177277428974
"ENSG00000146677"	52.8164130569247	1.3771165867385	0.390138550135367	3.52981418078443	0.000415851626769898	0.0203185901200376
"ENSG00000106070"	3119.89272235708	-0.408756784225121	0.0760896474852846	-5.37204202850555	7.78499572792783e-08	3.77276999863096e-05
"ENSG00000132432"	1687.89329779924	-0.595361847729401	0.157615258601444	-3.77731098506695	0.000158530733523676	0.0114720206021801
"ENSG00000232727"	23.3536059705541	1.58779192490691	0.391704823429638	4.05354192732356	5.04479533563116e-05	0.00578607234899883
"ENSG00000277072"	388.103598799919	0.391472113334504	0.11101828561237	3.52619490721882	0.00042157658627423	0.0203185901200376
"ENSG00000174428"	36.621278035096	1.40098450957145	0.326059786645865	4.29671050203153	1.73351348872676e-05	0.0026772306121501
"ENSG00000127957"	149.691893865233	0.653052821291405	0.155958944380237	4.18733804519235	2.82245286986619e-05	0.0038037575091993
"ENSG00000127980"	707.127770378176	-0.440617992444948	0.137284162857518	-3.20953257297602	0.0013295098177957	0.0378237469216615
"ENSG00000105829"	583.904714869753	-0.39641956846278	0.127974348315146	-3.09764865914042	0.00195062534971413	0.0454628336067701
"ENSG00000070669"	4972.20837217762	-1.17499201165542	0.118940570550975	-9.8788160020793	5.14370474534759e-23	3.61448132455575e-19
"ENSG00000106244"	2112.72652096163	0.914307741456699	0.235566262901906	3.88131870070645	0.000103891587432231	0.0094811192842375
"ENSG00000241468"	1580.48359663521	1.30998297548111	0.19983925799502	6.55518334397419	5.55735551426402e-11	6.00792879980511e-08
"ENSG00000087087"	3378.35783363808	0.642603817402309	0.172122018588599	3.73342017872938	0.000188897076795229	0.0123695745969736
"ENSG00000106367"	794.255874915682	0.557073830940941	0.160238199038119	3.47653577165093	0.000507936464569133	0.022461347099681
"ENSG00000228742"	611.137877565097	-0.337163961308766	0.104774367331668	-3.21800045083029	0.0012908761496308	0.0374033292851978
"ENSG00000225546"	228.628563969472	-0.62925121197104	0.187525303961874	-3.35555361690801	0.000792063011690119	0.0287639627035993
"ENSG00000128596"	542.103990402129	0.492541905796278	0.110570971258962	4.45453178341648	8.40764739398944e-06	0.00153455943474192
"ENSG00000128524"	1659.12533867122	0.743616876683086	0.235682750816913	3.15516037599525	0.00160409902952417	0.0410944702437933
"ENSG00000106554"	2441.50453402798	0.403949781760927	0.0919073562954636	4.39518443401102	1.10678741698311e-05	0.00188310349319025
"ENSG00000106028"	2865.96320567666	0.343223319260474	0.103963144014623	3.30139418650322	0.000962056153898414	0.032289455220364
"ENSG00000155660"	3369.39674154009	0.382605023310436	0.10573489250903	3.61853134978845	0.000296279613842059	0.0163933609958122
"ENSG00000033100"	507.607456568116	0.629111211674407	0.196610134255226	3.19979035697996	0.00137527582610023	0.038385513247975
"ENSG00000169059"	19.6707185167512	3.19222416036331	0.735530801726248	4.34002784502205	1.42464662471534e-05	0.00227522541633516
"ENSG00000182583"	13.2391131164856	1.8110392148837	0.573995713218944	3.15514414685689	0.00160418826505795	0.0410944702437933
"ENSG00000131828"	2797.65344659926	0.361188259037885	0.108909493392627	3.31640748466043	0.000911827716845034	0.0315636126417244
"ENSG00000012174"	442.088909581684	-0.499291225430513	0.154398978110831	-3.23377286261642	0.001221665732575	0.0364528454471529
"ENSG00000226781"	23.6259927223558	1.42094578771009	0.378961546033951	3.74957776740437	0.000177132561025887	0.0120845680226108
"ENSG00000047597"	2210.24582576459	-0.482313208853091	0.135885992258208	-3.54939608445151	0.000386115826296912	0.0196611297926696
"ENSG00000235636"	43.6467168920824	-1.72452274658409	0.446828252299693	-3.85947562113291	0.000113630591702088	0.00987389631779254
"ENSG00000015285"	46.7582480963448	0.898283719573963	0.276860290638299	3.24453794909692	0.00117641340747619	0.0358545598613384
"ENSG00000102103"	1026.08403487601	0.755423384297383	0.226802119488371	3.3307598094828	0.00086609298721467	0.0305450730402944
"ENSG00000275113"	25.3680858888056	2.14260764484819	0.456032918001911	4.6983618073799	2.62256545058852e-06	0.000575898981915172
"ENSG00000184205"	221.274400939803	0.684582377751149	0.212598039957528	3.22007850066685	0.00128155498190803	0.0374033292851978
"ENSG00000072506"	1213.57780917457	0.631179889443533	0.156018558936924	4.04554364393732	5.22018387069761e-05	0.00580136147983142
"ENSG00000186767"	2334.48880233145	-0.493471551757768	0.154079509489286	-3.20270718276192	0.00136142331773793	0.0381905056037702
"ENSG00000274536"	787.479763347882	-0.336117490806325	0.108187096972468	-3.10681680359593	0.00189113553683611	0.0449712670637812
"ENSG00000213740"	184.344865665117	1.00846997517494	0.268773536404302	3.75211781883894	0.000175347018711491	0.0120800343184867
"ENSG00000102309"	190.994387654155	1.0662199305341	0.255599858850257	4.17144178142425	3.02678393765444e-05	0.00387674386304161
"ENSG00000125962"	262.466989879711	-0.420883071400645	0.135103066625839	-3.11527400459575	0.00183774111371932	0.0441762662494288
"ENSG00000018610"	599.84589325347	0.386022448367273	0.117896024083636	3.27426180286985	0.00105938411520141	0.0339147707404116
"ENSG00000125352"	203.190518816262	0.66839672487781	0.193947769419437	3.44627178172034	0.000568378417681277	0.0238447471107244
"ENSG00000156697"	1098.95942686496	0.337891988693599	0.108847058631447	3.10428221894073	0.00190741292859313	0.0450206568286501
"ENSG00000056277"	190.340059473446	-0.592394281572852	0.160242604097188	-3.69685880300323	0.000218283667825271	0.013541876019855
"ENSG00000155495"	1982.41752069415	-0.276617029299282	0.079519814919601	-3.47859246879483	0.000504054500828504	0.022461347099681
"ENSG00000219507"	47.3208234596959	-0.942360535505925	0.24519375974637	-3.84333001166387	0.000121376079847565	0.0103921170890976
"ENSG00000198930"	323.788592548282	0.766785834977781	0.205131877427113	3.73801402588066	0.000185479601651442	0.0123695745969736
"ENSG00000067829"	841.34564100187	0.325336948988963	0.102152917505169	3.18480330209365	0.00144852428696067	0.0393891391303743
"ENSG00000126895"	16.9461597157886	1.67965044157892	0.483483851951955	3.47405696136017	0.000512652191453946	0.022461347099681
"ENSG00000102030"	525.199793460574	0.636147406419956	0.198314842885933	3.20776497191316	0.00133770769267461	0.0378272513337001
"ENSG00000104635"	1845.25871453868	-0.358607962551944	0.0972146155664205	-3.68882765685505	0.00022528975647741	0.0136382189982459
"ENSG00000243181"	50.4637836869632	-1.29703309865679	0.420327798702303	-3.08576568730686	0.00203028746211906	0.0461709708618467
"ENSG00000156675"	1920.72066514436	-0.264307701687209	0.084256891915804	-3.1369267923071	0.00170728750869943	0.042618505590163
"ENSG00000248498"	94.5796517015818	-1.45008539226899	0.182478431802759	-7.94661252808436	1.91680764029999e-15	3.84840208239659e-12
"ENSG00000168333"	79.103486626124	-0.776858352387328	0.217417978248204	-3.57311000059281	0.000352766483107332	0.0184991796775763
"ENSG00000121039"	928.952007980511	-0.337001650878267	0.0987308133184084	-3.41333814187706	0.000641722650120946	0.0257751068314148
"ENSG00000205189"	278.090523379309	-0.52942160529685	0.14946168175152	-3.54218953709496	0.000396820234176075	0.0199208922542395
"ENSG00000164687"	167.677202129714	0.457803945233436	0.14450759137454	3.16802695885287	0.00153477287873892	0.0405478072322696
"ENSG00000133742"	282.665179089139	-0.678073465761659	0.126420364250592	-5.36364113314509	8.15608692690222e-08	3.82085485568946e-05
"ENSG00000253394"	229.657375880046	-0.446144411740686	0.145804476081521	-3.05988145035575	0.00221424618732418	0.0486234623697718
"ENSG00000248858"	186.975765189342	-0.582464766900499	0.145815008314721	-3.99454605964382	6.48183202452577e-05	0.00674782720538409
"ENSG00000156467"	1987.73609487914	0.878576911944899	0.229111214265085	3.83471806372765	0.000125708403909062	0.0105107845046678
"ENSG00000156482"	2725.64186757488	0.579224156241871	0.178713344774987	3.24107948945366	0.00119077974465485	0.0360672813176277
"ENSG00000155096"	2856.95961518881	-0.335155955612655	0.109750738606466	-3.05379225568974	0.00225968501064194	0.0492038295155486
"ENSG00000120533"	1235.35018012166	0.453357545497198	0.141308217950497	3.20828860538047	0.00133527430895766	0.0378272513337001
"ENSG00000229140"	1016.54859737001	-0.613815250152016	0.145459070305474	-4.21984857226822	2.44466467913182e-05	0.00340171459411075
"ENSG00000184428"	951.539462721352	0.667273190396121	0.188885454685859	3.53268700073219	0.000411359183954292	0.0203185901200376
"ENSG00000227473"	61.5225422961009	1.0646771780121	0.286304436059195	3.71868907330505	0.000200259368741884	0.0126776809382813
"ENSG00000161016"	11737.8763312358	1.00992058479788	0.277310325254299	3.64184270409608	0.000270693461651441	0.0154647394717453
"ENSG00000080298"	143.334980047919	-0.675904389292146	0.20018011447147	-3.37648118084415	0.000734193944483181	0.0274424513185283
"ENSG00000137154"	12818.6956863254	0.340639087815231	0.106165946162517	3.20855321435921	0.00133404619516385	0.0378272513337001
"ENSG00000147894"	113.210622476097	-0.486190875734762	0.154197482431281	-3.15304029656539	0.00161579500365755	0.0412130362638896
"ENSG00000215210"	53.4663636251115	0.679507760428995	0.210116324966083	3.23395985789624	0.00122086614065535	0.0364528454471529
"ENSG00000164970"	217.515980799181	0.698033909189631	0.222259464400156	3.14062625442528	0.00168587024358198	0.0425372000059267
"ENSG00000107140"	79.8190049977345	1.0700291011633	0.320983984184355	3.33359031567361	0.000857328328880431	0.0305035248964192
"ENSG00000213866"	139.036578212187	1.06121871393312	0.325248675855929	3.26279180427224	0.00110320533113906	0.0348414555591647
"ENSG00000234160"	113.265013245236	0.672445966475867	0.205047756541155	3.27946024779306	0.00104005861787574	0.0335830228152119
"ENSG00000213839"	105.596127627606	0.656170665938696	0.185886119913592	3.52996052768067	0.000415621669990653	0.0203185901200376
"ENSG00000135069"	2629.73675879139	-1.21537870043252	0.10442465597689	-11.6388097146473	2.61641468205886e-31	3.67710919416552e-27
"ENSG00000165119"	13420.5094883912	0.247188291596673	0.0722018073706711	3.42357484664688	0.000618032296402439	0.025103543045202
"ENSG00000224546"	80.152773884833	-0.920207197043132	0.280868573121006	-3.27629106673562	0.00105180102471255	0.0337488849344982
"ENSG00000095380"	1121.19788763488	0.375290530561265	0.0987961089355215	3.79863675406686	0.000145494143835712	0.0108764611567399
"ENSG00000106692"	455.04990203667	-0.534966997843668	0.15393537187548	-3.47527011710088	0.000510339189415217	0.022461347099681
"ENSG00000176386"	147.736426549969	0.576214004204206	0.169902195886064	3.3914453029825	0.000695250388999373	0.0266842882258552
"ENSG00000157693"	442.739309309213	-0.445230577258854	0.118111855074725	-3.7695672206416	0.000163530861973461	0.0115508384183177
"ENSG00000119421"	1146.57220784942	0.51157951712604	0.166604638963322	3.07061988375165	0.00213614910862819	0.047728838748268
"ENSG00000136942"	7733.32854327693	0.541257338156349	0.161825957852134	3.34468799283064	0.000823751819865367	0.0297202549443015
"ENSG00000197958"	8147.74645702848	0.624094776767911	0.178344389048288	3.4993799361915	0.000466341571111566	0.0214884080013178
"ENSG00000148337"	3370.23290694573	0.610109696781588	0.199169235960815	3.0632727681981	0.00218930403265178	0.048302164638757
"ENSG00000095321"	151.898867246398	0.544891823728168	0.174240157716439	3.12724592808813	0.0017645225900538	0.0433732789690898
"ENSG00000130714"	414.930106617834	0.456996181255028	0.129614320568101	3.52581550597193	0.000422180965573901	0.0203185901200376
"ENSG00000196205"	1545.00582087672	0.331874176958148	0.0860318670868962	3.85757264366865	0.000114518649480588	0.00987389631779254
"ENSG00000148296"	1512.46974361719	0.469042532086455	0.150290850824315	3.12089877403615	0.00180299999308835	0.0437691750415469
"ENSG00000148291"	203.746921794754	0.929921137456387	0.284531474482136	3.26825402760415	0.00108213192457792	0.0343302078284833
"ENSG00000265806"	87.5791686853629	0.912726834558206	0.208793791881792	4.37142707324815	1.23437079991567e-05	0.00201908573894424
"ENSG00000107223"	888.15021947208	1.43587204005289	0.444157257739372	3.23280102943955	0.00122582908633891	0.0364995804648453
"ENSG00000165724"	1017.24206956732	0.474335256834449	0.154321979909096	3.07367270115286	0.00211441265625133	0.047318400431459
"ENSG00000185885"	1909.06304048973	1.03460733989342	0.277980804797049	3.72186612183088	0.000197755869989573	0.0125758416146311
"ENSG00000185187"	275.74291935261	0.924363137881687	0.285450029467408	3.23826604469568	0.00120258608688557	0.0361908883620767
"ENSG00000070047"	1251.51251991869	0.647340290570407	0.206767810848521	3.13075951190803	0.00174354874925165	0.0432166386631088
"ENSG00000117984"	521.326425461799	0.784484314365963	0.237945160702821	3.2969122467077	0.000977540385172742	0.0324222591913991
"ENSG00000110619"	1697.13822138223	-0.530509634625017	0.0994005855216611	-5.33708762217914	9.44514022459315e-08	4.1601322191809e-05
"ENSG00000189398"	208.325327252994	0.462563732013116	0.141069659571658	3.27897390138771	0.00104185270723156	0.0335830228152119
"ENSG00000187918"	24.3540889919296	1.08058178961705	0.319258567064927	3.38466027568587	0.000712663988674359	0.027117495995913
"ENSG00000166333"	13.2226953322104	2.01605291528902	0.592684579322361	3.40156127833467	0.000670021053075342	0.0266842882258552
"ENSG00000158042"	360.950808202589	0.405677468827778	0.123690460332043	3.27977976424981	0.00103888150611551	0.0335830228152119
"ENSG00000166441"	10709.4774251702	0.919176792976126	0.218624875476908	4.20435593603444	2.61826639175677e-05	0.00360756037938722
"ENSG00000251381"	1440.66357334119	0.315641893200165	0.100958666738412	3.12644672713445	0.00176932557372675	0.0433963378938144
"ENSG00000186104"	430.905278529422	-0.525084896441831	0.12972907363868	-4.04754988002373	5.17565549175054e-05	0.00580136147983142
"ENSG00000244398"	743.203984538519	0.854677889191673	0.180844037980549	4.72604957694874	2.28929778799795e-06	0.000524029788325276
"ENSG00000177054"	353.475950871201	-0.44583113127561	0.128591247701123	-3.46704102531013	0.000526221568433177	0.0226856377998769
"ENSG00000148943"	950.419176221425	-0.373552938483085	0.121880567599979	-3.06490973777798	0.00217735698756168	0.0482658913299556
"ENSG00000110492"	1873.44085416957	0.813074602098741	0.227011600131137	3.58164341218271	0.0003414396230061	0.018456124852799
"ENSG00000066336"	163.222097412322	0.980250439332569	0.291844475105492	3.35881102076112	0.000782785787169793	0.0285874591703487
"ENSG00000134802"	3344.24158922661	-0.508638854273602	0.1027138448727	-4.95199897252404	7.34549923167853e-07	0.000215070096254188
"ENSG00000149150"	719.36748805465	-0.373224011865991	0.119156481975781	-3.13221744782505	0.00173491329482402	0.043121466205046
"ENSG00000204922"	185.807391797228	0.938876885933709	0.233109493017945	4.02762184318866	5.63438701797193e-05	0.00604470802676164
"ENSG00000133316"	654.452878124174	0.79632530593189	0.245660276509655	3.24157131647856	0.00118872687090957	0.0360672813176277
"ENSG00000168003"	3691.48554566872	-0.437133287542087	0.101816576222165	-4.29334106254229	1.76004320669126e-05	0.00268384887070882
"ENSG00000168005"	413.559758793799	0.740096440557937	0.223949651997675	3.30474476721054	0.000950629276421873	0.0321157304106563
"ENSG00000167771"	88.1859177483609	0.787562817015467	0.227984331099742	3.45446028337321	0.000551395424433186	0.0233464918402263
"ENSG00000167770"	1194.95160082784	0.535793589445421	0.147309126174239	3.63720567327023	0.000275611850421107	0.0155560198627238
"ENSG00000168439"	6099.77555733653	0.530672809197568	0.130954670102299	4.05233970489954	5.07079652484124e-05	0.00578607234899883
"ENSG00000173486"	338.918338095272	1.61395297429785	0.526163244163329	3.06739969429879	0.00215929916499503	0.0479412171640445
"ENSG00000149782"	794.742560028325	0.565739527147036	0.17257999477588	3.27812924019224	0.0010449753957358	0.0336066000267069
"ENSG00000162302"	320.389103999781	0.790796366068186	0.236779933374454	3.33979469796365	0.000838403446192152	0.030086453284809
"ENSG00000172757"	4423.88215857803	0.886620650789757	0.273251632718823	3.2447039454732	0.00117572790826386	0.0358545598613384
"ENSG00000175467"	929.462264271314	0.765831418012741	0.20046790674961	3.82021955748401	0.000133332931393822	0.0107077772446216
"ENSG00000174547"	1055.16144710153	0.400071462308897	0.128888977554152	3.10400058950587	0.00190922950547001	0.0450206568286501
"ENSG00000149313"	2282.42967188267	-0.493302720504378	0.15717430639088	-3.13857100331383	0.00169773798300407	0.042618505590163
"ENSG00000137713"	1956.24979185038	-0.354184540520849	0.115413240444531	-3.06883802202118	0.00214893069860169	0.0478233810113863
"ENSG00000137656"	395.914420540847	0.45988716373421	0.128688568590662	3.57364425426969	0.000352047151257102	0.0184991796775763
"ENSG00000149591"	59.8034288500637	0.703115119179143	0.207793422802443	3.38372172562758	0.000715104410392717	0.027117495995913
"ENSG00000149428"	3748.16625348787	0.388051020568725	0.123670281020416	3.13778716573519	0.00170228434212472	0.042618505590163
"ENSG00000150433"	260.183644445232	-0.430009595188746	0.124884243783238	-3.44326539651484	0.000574735001712077	0.0239602517105951
"ENSG00000110063"	178.292715333154	0.72464758151685	0.18780122258312	3.85858820059663	0.000114043910713036	0.00987389631779254
"ENSG00000134461"	190.476692244186	0.573727349820783	0.182280197801482	3.14750234386743	0.00164671785753314	0.0417846180630261
"ENSG00000217094"	81.0605877139617	-0.72041373331281	0.192281429296195	-3.7466630862363	0.000179202513433794	0.0121667252357417
"ENSG00000232004"	15.1129838042925	1.76740291045178	0.463111832647727	3.8163631025083	0.00013543316034294	0.010753545963049
"ENSG00000265354"	2148.4527720511	0.306531691085779	0.0965070377339248	3.17626256367856	0.00149185857672486	0.0398968610460726
"ENSG00000226964"	203.300615145524	0.44168344622728	0.128012059932389	3.45032683999117	0.000559908232454077	0.0236304813781069
"ENSG00000231345"	279.874293930315	-0.489207010769743	0.156898993479437	-3.1179741814842	0.00182098755008704	0.0440484664869591
"ENSG00000122952"	2370.5761110721	0.472682269852487	0.129601723510803	3.64719123363421	0.000265122608180078	0.015270627603946
"ENSG00000214655"	651.699381920491	0.538307957720332	0.172268341368465	3.12482231757804	0.00177912490069586	0.0435606643804522
"ENSG00000138326"	10282.6581204184	0.539227522716594	0.174833365965039	3.08423692319933	0.00204075007123668	0.0462560653623006
"ENSG00000173267"	501.225375562832	0.916702475118224	0.234991430567552	3.90100384896675	9.57946276365787e-05	0.00903555501211059
"ENSG00000107789"	1420.32404226949	-0.380926762505848	0.103278610050313	-3.68834129661771	0.000225720746917025	0.0136382189982459
"ENSG00000055950"	338.630335424275	0.47072536542926	0.152829352907388	3.08007170399072	0.00206950765080022	0.0465357768389541
"ENSG00000119950"	722.837117377401	-0.351352436973479	0.113182254539475	-3.10430675200003	0.00190725475970611	0.0450206568286501
"ENSG00000148908"	422.238467617553	0.583741904127361	0.153646943980655	3.79924187884178	0.000145139388327646	0.0108764611567399
"ENSG00000220842"	82.3455455129609	0.819437870832374	0.256661835106524	3.19267518091374	0.00140961412738327	0.0389974743036307
"ENSG00000095574"	780.374827842835	-0.443489145695352	0.143498442670647	-3.09055023484284	0.0019978600624503	0.0458591717135188
"ENSG00000148773"	5767.19429146448	0.361273357041405	0.109737452703158	3.29216095455264	0.000994206941599757	0.032632525540812
"ENSG00000198546"	117.294523546333	0.898330073266416	0.214665195822804	4.18479609525498	2.85422187969778e-05	0.0038037575091993
"ENSG00000111639"	716.024488262022	0.590675040977696	0.157068783740885	3.76061383369549	0.000169496920443364	0.0117926223757972
"ENSG00000111669"	6953.829828318	0.447166509969946	0.141755862322396	3.15448336769983	0.00160782542655307	0.0410944702437933
"ENSG00000111678"	78.0276602524787	1.32073027547266	0.410293641095733	3.21898792276065	0.00128643903332932	0.0374033292851978
"ENSG00000110848"	184.826753727886	-0.972760822507213	0.180419362196635	-5.39166534380619	6.9807684689385e-08	3.50384714508791e-05
"ENSG00000165714"	233.603281574834	-0.420684286307434	0.131560191603088	-3.19765638208115	0.0013854926572281	0.0385578491181856
"ENSG00000111348"	148.288547108381	0.629863645685756	0.172676383230944	3.64765368546868	0.000264646016004869	0.015270627603946
"ENSG00000134532"	516.52025248556	-0.685841878619217	0.121210780755379	-5.65825807197254	1.52917077812696e-08	9.34389831121576e-06
"ENSG00000060982"	7554.99123356611	-0.585152046381402	0.155120674645668	-3.77223763188259	0.000161790056740941	0.0115421190732852
"ENSG00000175548"	157.143955527816	-0.536295958604137	0.152680944698318	-3.51252711766884	0.000443866705965029	0.0210187974492925
"ENSG00000205592"	180.390016588462	0.434187776620846	0.138090544886564	3.14422523987803	0.00166527210081221	0.0420930469511057
"ENSG00000111371"	7381.23883140789	-0.494397204855947	0.118594224542857	-4.16881350471907	3.0618939006519e-05	0.00387674386304161
"ENSG00000134294"	8214.35380044814	-0.479844556255604	0.150697856228533	-3.18414984966954	0.00145179835417204	0.0393891391303743
"ENSG00000134285"	168.893486038621	0.563083673419085	0.151173623074093	3.72474815360552	0.000195510307863922	0.0125465838662994
"ENSG00000181418"	122.203499638234	0.591703137270537	0.171163177413607	3.45695345349145	0.00054631920478635	0.0233372951491409
"ENSG00000110844"	38.2934254311776	0.854927965742522	0.280328103910045	3.04974047845328	0.00229039187554289	0.0495217960290459
"ENSG00000257851"	53.449720525212	0.962367918057583	0.253885825678173	3.79055394481725	0.00015031168159171	0.0111183177531047
"ENSG00000170421"	3766.82784037904	0.697121153480344	0.162985020985706	4.27720995011857	1.89250299772791e-05	0.00282949331170937
"ENSG00000111057"	1817.21546503423	0.417689630692718	0.128344173072521	3.25444950630287	0.0011361235491811	0.0353253990269718
"ENSG00000123349"	1691.72864015653	0.655432330773449	0.134397805855269	4.87680826783195	1.07816139397014e-06	0.000291393850593392
"ENSG00000135486"	26261.3872511311	0.354716187092245	0.113903043643196	3.11419410532525	0.0018444810333547	0.0442360690149606
"ENSG00000161642"	1378.27692265766	0.916390902818669	0.281060822809434	3.26047185679807	0.00111227004731441	0.0350489758855532
"ENSG00000135392"	211.243711557159	0.688924779536934	0.197987004168647	3.47964646684639	0.000502075842691941	0.022461347099681
"ENSG00000196465"	281.566089675637	0.868628828854051	0.254486413583332	3.41326209373301	0.000641901763981441	0.0257751068314148
"ENSG00000139269"	123.419642976143	-0.786830769605216	0.188191266858476	-4.18101638157807	2.90208952880916e-05	0.00381177254559662
"ENSG00000166986"	5424.75526864545	-0.438168606274898	0.0862752211205331	-5.07873060867318	3.79965028054122e-07	0.000130244597665186
"ENSG00000135506"	1101.99958889693	0.614830448119347	0.166791833883826	3.68621432957916	0.000227614677805929	0.0136704986405322
"ENSG00000184575"	7382.40332232764	-0.437832042022012	0.133034275163753	-3.29112209228095	0.00099788593268898	0.032632525540812
"ENSG00000265917"	34.8440690859322	-0.902538386648869	0.294822122925904	-3.0612980385997	0.00220379609127717	0.0484697187274012
"ENSG00000136014"	104.623634387107	-0.737836041496431	0.218615365804815	-3.37504200027362	0.000738044261814968	0.0275131937812933
"ENSG00000213442"	779.506108490761	0.871361798957022	0.125103046372652	6.96515252203729	3.28048149573796e-12	4.61038869411013e-09
"ENSG00000136010"	482.433201607538	-1.10431754176511	0.121311671438118	-9.10314340470059	8.77544410113087e-20	3.08325228493233e-16
"ENSG00000139725"	16.0306965022139	2.50068367947826	0.56428930724093	4.43156311379575	9.35524210693743e-06	0.00168562272526793
"ENSG00000232187"	50.1902803782695	-1.41601389413012	0.242427543086366	-5.8409777870234	5.18953245437355e-09	3.47303281494123e-06
"ENSG00000139514"	2958.09173835407	-0.449316107383826	0.0804849922629704	-5.58260732529818	2.36939301759624e-08	1.38747706122073e-05
"ENSG00000189403"	7703.32564444785	0.251445268211975	0.0724245681740804	3.47182281581022	0.000516937400526763	0.0224923784117744
"ENSG00000214182"	35.5153052126938	0.924566688466107	0.279498857600491	3.30794442740679	0.000939834574181633	0.0318275544712016
"ENSG00000139793"	688.600170968638	-0.790476208299881	0.169090884582704	-4.67485997397601	2.94154252500417e-06	0.000626370282521342
"ENSG00000274605"	69.670805918308	0.716191138986773	0.208097117773735	3.44161969492288	0.000578242582632634	0.0239723340894367
"ENSG00000185989"	566.093814610324	0.473510806001226	0.154877058148028	3.05733342086506	0.00223315724429004	0.048846421463223
"ENSG00000100813"	4320.14591071065	0.434820517981617	0.135817957364019	3.20149504837722	0.00136716424921628	0.038275152108537
"ENSG00000100889"	865.104240403539	-0.712679852810416	0.154997550978754	-4.59800718340449	4.26551291573879e-06	0.000868804616199898
"ENSG00000129559"	284.703740901829	0.663544250572276	0.196115582390822	3.38343461790789	0.000715852498540184	0.027117495995913
"ENSG00000100906"	263.563132519045	0.725151880347668	0.17414551115363	4.16405726190636	3.12641650786958e-05	0.00388837677890258
"ENSG00000165502"	726.347200613988	1.53397720089405	0.275303523195136	5.57194903679732	2.51905118137e-08	1.41610981211896e-05
"ENSG00000070269"	179.684037395078	-0.49499158322875	0.161553792098006	-3.06394283167592	0.00218440648363544	0.0482698879261202
"ENSG00000224861"	94.1874250970046	0.947401464730396	0.258326905631954	3.66745176005857	0.000244979749762753	0.0145271957939482
"ENSG00000100632"	1810.04484948884	0.398105788158939	0.111252705148333	3.57839198272208	0.00034571469314089	0.0184991796775763
"ENSG00000242071"	132.828800563854	1.59433635462439	0.31950193508099	4.99006791373655	6.03580680717375e-07	0.000180483465676638
"ENSG00000119596"	1236.69802895538	0.327246905060513	0.102695347954882	3.18657964140972	0.00143965845542287	0.0393891391303743
"ENSG00000100591"	1533.30518987589	0.387504895803973	0.125269465602188	3.0933707104216	0.00197896761007208	0.0457192892547381
"ENSG00000100764"	649.128786160563	0.545504253479049	0.166876456912917	3.26891080725494	0.00107962328178503	0.0343281122221873
"ENSG00000066739"	1126.21552506714	-0.54285420009093	0.158243080033423	-3.43050830390986	0.000602451532954592	0.0246129472213483
"ENSG00000232573"	423.726672960734	1.63898108594896	0.482647309998746	3.39581522986883	0.000684245326657971	0.0266842882258552
"ENSG00000196405"	499.072496628259	0.474606000244783	0.153584556816387	3.09019350696948	0.0020002612964556	0.0458591717135188
"ENSG00000140105"	4206.91910695798	-0.463157727202684	0.0720980553180978	-6.4239975011701	1.32741382641671e-10	1.24369826109736e-07
"ENSG00000100865"	366.600042619675	0.452955530019746	0.118000149111285	3.83860133594041	0.000123737145997505	0.0104131847296343
"ENSG00000099814"	516.318915796349	0.736418078304037	0.209666161749601	3.51233633581522	0.000444185487579328	0.0210187974492925
"ENSG00000182979"	1354.13807282659	0.63443147710584	0.190496651543679	3.33040750041935	0.000867189707064002	0.0305450730402944
"ENSG00000225200"	61.9798163315134	1.09089955364358	0.307977088205942	3.54214516410424	0.000396886995245984	0.0199208922542395
"ENSG00000270055"	175.726691416351	-0.520201102657417	0.160781835616399	-3.23544696863979	0.00121452444078023	0.0364528454471529
"ENSG00000259917"	116.000514612194	0.994009004310638	0.316841351985551	3.13724517990305	0.00170543447536166	0.042618505590163
"ENSG00000128965"	121.88169972304	-1.032950413514	0.193637518354152	-5.33445389247756	9.58325340854271e-08	4.1601322191809e-05
"ENSG00000159433"	386.182640197635	0.377045039522691	0.117426375505013	3.21090587954489	0.00132317264775437	0.0377198141816225
"ENSG00000166963"	2078.00302481871	0.45851812291923	0.122832180608233	3.73288270751825	0.000189300759599353	0.0123695745969736
"ENSG00000249839"	19.072964196702	1.64196018685186	0.46979754809481	3.49503779555804	0.00047399462893246	0.0216283133604441
"ENSG00000167004"	5344.30576899238	0.280015291543679	0.0850860030727167	3.29096774359433	0.000998433611964505	0.032632525540812
"ENSG00000140264"	941.252798174073	1.71819070873506	0.447378716387118	3.84057320073382	0.000122747362799929	0.0103921170890976
"ENSG00000140259"	895.961619532628	0.358491639159181	0.114215555064962	3.13872868678249	0.00169682474898069	0.042618505590163
"ENSG00000137876"	4357.50866565457	-0.416702399264764	0.128184684483545	-3.25079708971204	0.00115081960461363	0.0354813303696131
"ENSG00000069974"	2796.1557967297	-0.371076859459036	0.106030621724207	-3.49971407716757	0.000465757447665559	0.0214884080013178
"ENSG00000260916"	330.863620839066	-0.500713358839533	0.161506850484228	-3.10026080837004	0.00193350308762205	0.0452890873224004
"ENSG00000274719"	141.758428183869	-0.510486855602037	0.162994584401272	-3.13192525676363	0.00173664080489939	0.043121466205046
"ENSG00000234797"	253.272221047723	-0.569125891944617	0.160509431578402	-3.54574735171636	0.000391501367011794	0.0198633942670894
"ENSG00000138613"	410.048993598274	-0.415975161803517	0.102922885461088	-4.04161970333395	5.30832717867609e-05	0.00582837735696201
"ENSG00000166803"	1294.46978216709	-0.481905933194291	0.140463586003502	-3.43082464933137	0.000601749442353583	0.0246129472213483
"ENSG00000129007"	84.8991640759249	0.798652667465295	0.23926113360806	3.3379958350176	0.000843850142609745	0.0301767682041663
"ENSG00000259781"	476.805959735668	1.07576897579902	0.281343523621784	3.8236848744569	0.000131471928614524	0.010678340676829
"ENSG00000067225"	10207.6792060945	0.346960022607472	0.0829327897973936	4.18362897781568	2.86892198644603e-05	0.0038037575091993
"ENSG00000179335"	740.725358772605	0.384371810898557	0.114931510094907	3.34435535199314	0.00082474024678224	0.0297202549443015
"ENSG00000203392"	13.8023989932223	1.45805827267198	0.426382317453339	3.41960304869242	0.000627125746439606	0.0253994963702081
"ENSG00000180953"	56.1418035103247	-0.659907185485311	0.2085453434495	-3.16433431008307	0.00155438137927481	0.0406802158367377
"ENSG00000185043"	868.586178376361	0.503343690391219	0.1650287907769	3.05003562118855	0.0022881422602808	0.0495217960290459
"ENSG00000258741"	73.4777565715466	-0.984616334526977	0.311092728959911	-3.16502522517605	0.0015506950663487	0.0406661323817964
"ENSG00000173575"	1620.24946388409	0.27280392520257	0.0804327923123598	3.3917002923775	0.000694603740486652	0.0266842882258552
"ENSG00000140450"	485.498209012309	-0.548460056057419	0.13147757800046	-4.17151018750512	3.02587526047463e-05	0.00387674386304161
"ENSG00000130656"	2429.43261377435	1.02344929807355	0.284228325703018	3.60079979904227	0.000317239791026276	0.0172809613297802
"ENSG00000206177"	252.694416244236	-0.851954829876727	0.166313941453373	-5.12257013712573	3.01398929049781e-07	0.000108611808945272
"ENSG00000086504"	1170.20092251142	0.935584118321221	0.252520563094606	3.70498191060467	0.000211405819352908	0.0132118458327398
"ENSG00000103202"	1366.69019953683	0.949711660815836	0.279365774196666	3.39952760336083	0.000675023659131933	0.0266842882258552
"ENSG00000266235"	17.9288300073035	2.07575614483343	0.549784423780402	3.77558194639312	0.000159634531786489	0.0114720206021801
"ENSG00000103266"	783.030190815424	0.861525043323115	0.234782857073895	3.66945463591476	0.000243068465028865	0.0144749330826935
"ENSG00000127588"	16.6521271778479	1.52857146028874	0.453375151111346	3.37153780162366	0.000747497796597128	0.0277918889771853
"ENSG00000197774"	446.501266447343	0.604876241952228	0.197891891719315	3.05659942252799	0.00223863225234012	0.0488536299291741
"ENSG00000140990"	939.314015597141	0.896333269040695	0.241935222656485	3.70484817877621	0.000211517383831398	0.0132118458327398
"ENSG00000140988"	25621.8860254067	0.512464684908924	0.158815362067522	3.22679543236532	0.00125184924768735	0.0370129597596726
"ENSG00000182685"	61.1962395294657	0.820750527552396	0.259752475091964	3.15974093129165	0.0015790948076109	0.0410944702437933
"ENSG00000103415"	542.12932839805	0.695488839620909	0.198358048965993	3.50622948373597	0.000454503175236927	0.0212867976834663
"ENSG00000153048"	707.368902497814	0.520315545941985	0.169889521039223	3.06267003850024	0.00219371802996586	0.048323688390502
"ENSG00000157045"	141.318933245241	0.642425016758558	0.181591506222552	3.5377481586128	0.000403554767251563	0.0201834829144251
"ENSG00000072864"	435.266351818816	0.472208702454825	0.152106916694886	3.10445253059751	0.0019063151482263	0.0450206568286501
"ENSG00000134419"	1401.28799926284	0.657108059069614	0.180577173248992	3.63893202693758	0.000273771042718475	0.0155144283643768
"ENSG00000243716"	485.970844505024	0.693353207296972	0.197835517959327	3.5046952865133	0.000457130166090288	0.0212867976834663
"ENSG00000004779"	3017.31445944358	-0.288369705564085	0.0924005991906623	-3.12086402133663	0.00180321277565502	0.0437691750415469
"ENSG00000176476"	180.248708922539	0.598555138669586	0.185040442259912	3.23472604885391	0.00121759495292446	0.0364528454471529
"ENSG00000149929"	272.152365562661	0.850512441652721	0.235755017937841	3.60761119356944	0.0003090291142704	0.0169490984554901
"ENSG00000169957"	697.934980502116	0.67122661870593	0.218218991756273	3.07593126200316	0.00209846216020441	0.0470363432209135
"ENSG00000099385"	228.485718883812	0.830787285231518	0.268365461438127	3.0957310258163	0.00196328364854578	0.0456065923911775
"ENSG00000103496"	319.937213483618	0.643521204877869	0.167872899664381	3.83338350719162	0.000126392669794283	0.0105107845046678
"ENSG00000089280"	6776.64254450322	0.698976212757579	0.171226511555943	4.08217282712794	4.46165971241249e-05	0.0052253471331871
"ENSG00000166123"	185.061563378254	-0.578250978975566	0.147842974097332	-3.91125099116903	9.18192909249918e-05	0.00871911023418807
"ENSG00000259918"	37.9302219484691	1.00325958061075	0.265761796322693	3.77503311044966	0.000159986411781608	0.0114720206021801
"ENSG00000224578"	221.428247074539	0.565496166017469	0.150145411747078	3.76632332242064	0.000165669223062455	0.0116415763045987
"ENSG00000245694"	459.014262884092	-0.597146928573344	0.119658934895066	-4.99040818888291	6.02518333642826e-07	0.000180483465676638
"ENSG00000051108"	564.93409557702	-0.592785292907797	0.10308416464648	-5.75049809969083	8.898090399779e-09	5.68426193084064e-06
"ENSG00000166595"	430.47444845289	0.979267830573829	0.296676142159816	3.30079737266608	0.000964104837324017	0.032289455220364
"ENSG00000166822"	575.689494381092	-0.434877562233341	0.129094652570115	-3.36867216089488	0.000755312098587163	0.0278613024502467
"ENSG00000140941"	3032.2503237367	-0.456313273881069	0.122109133190623	-3.73692992455137	0.000186280811449933	0.0123695745969736
"ENSG00000051523"	1868.59319965445	0.79072930601913	0.249172916392458	3.17341594530963	0.00150656518004766	0.0401769773062425
"ENSG00000108518"	5753.5076327817	0.478547128021204	0.123730557122355	3.86765516256405	0.000109886908008955	0.00977437091872056
"ENSG00000129250"	1411.48447499526	0.593783460179771	0.179319258435746	3.31132007437191	0.00092856932342422	0.0317573901366413
"ENSG00000108561"	4242.1503797354	0.573048270945003	0.17379945883857	3.29718098534051	0.000976605480056712	0.0324222591913991
"ENSG00000219200"	32.1864702299602	0.991932155328058	0.311787363914495	3.18143796103324	0.00146545905978272	0.0395308284571714
"ENSG00000175826"	690.426197449695	0.821931404487087	0.266051513134119	3.08936940370922	0.00200581869441738	0.0458636325899061
"ENSG00000183011"	213.904436041179	0.937463166283432	0.207586748429922	4.51600679414229	6.30166432928727e-06	0.00119680527680815
"ENSG00000109107"	1014.29097334548	0.429597776338397	0.0908371826601063	4.72931638518405	2.2527708889978e-06	0.000524029788325276
"ENSG00000264577"	135.008267284882	0.742586502889126	0.23381205683353	3.17599747825595	0.00149322249254548	0.0398968610460726
"ENSG00000270647"	2542.76016885356	0.78028961996373	0.192923868020693	4.04454683585359	5.24244277741988e-05	0.00580136147983142
"ENSG00000277258"	254.065623207162	0.807863795192041	0.234630245179093	3.44313579255478	0.000575010513965944	0.0239602517105951
"ENSG00000108298"	12766.3435810944	0.680432158219098	0.17965783559281	3.78737813451834	0.000152245314416632	0.0112023855958709
"ENSG00000108344"	4076.22354898353	0.632331105561917	0.16940312456965	3.732700368829	0.000189437894277922	0.0123695745969736
"ENSG00000173812"	8856.89627331676	-0.277753360066395	0.0888013128033998	-3.12780691295997	0.00176115838415863	0.0433732789690898
"ENSG00000177469"	3588.54734444825	0.634870401828295	0.199338381363463	3.18488791514116	0.0014481008385736	0.0393891391303743
"ENSG00000131462"	1123.41680971884	0.508178345149506	0.161458174008388	3.14743027580076	0.00164712383712228	0.0417846180630261
"ENSG00000161682"	64.7364726177031	1.30540825890894	0.388960398114584	3.35614696312704	0.000790365571602698	0.0287639627035993
"ENSG00000186834"	903.981601868364	0.76399166693618	0.174673692017374	4.37382217157343	1.2208984465944e-05	0.00201908573894424
"ENSG00000175175"	207.731414140201	-0.601275920657483	0.149568032757545	-4.02008309912167	5.81776166829372e-05	0.00619415321865151
"ENSG00000265415"	239.647289987707	-0.574071294332553	0.154173554467719	-3.72353933406104	0.000196449237908811	0.0125495344980474
"ENSG00000136490"	31.0397447335606	1.19977398928296	0.387660705088941	3.09490741138618	0.00196874344141585	0.0456579543327696
"ENSG00000226137"	237.200892749657	0.712133722313647	0.190647789538789	3.73533689552041	0.000187464051076222	0.0123695745969736
"ENSG00000175866"	661.398392047691	0.571850286593943	0.176125929764552	3.24682621893552	0.00116699622527675	0.0358099671398243
"ENSG00000141577"	256.911327323517	0.865454187705799	0.25476393216923	3.39708286152103	0.000681083398903559	0.0266842882258552
"ENSG00000185298"	1012.65703046747	0.689619629911384	0.184747210981291	3.73277423918038	0.000189382326050579	0.0123695745969736
"ENSG00000183684"	2198.42906156816	0.778246322333973	0.204798433595071	3.80005993538371	0.000144661095933152	0.0108764611567399
"ENSG00000141552"	1539.96234593301	-0.294324602768785	0.0892883596540192	-3.2963378866994	0.000979541284533085	0.0324222591913991
"ENSG00000101577"	1691.80862122883	-0.259516272206057	0.0834277752528559	-3.11066993479697	0.00186663456618706	0.0445837536370822
"ENSG00000267076"	25.714863113198	1.78816331055572	0.428903807984571	4.16914766730176	3.05740859341959e-05	0.00387674386304161
"ENSG00000154059"	241.737152297548	-0.473219428919981	0.147031396820819	-3.2184923706919	0.001288663989259	0.0374033292851978
"ENSG00000154839"	1299.25082242777	-0.391895445595278	0.124125167671359	-3.15726015076074	0.00159259193173761	0.0410944702437933
"ENSG00000134440"	5244.73101315798	-0.421612947611452	0.130676200628104	-3.2263942905054	0.00125360529711144	0.0370129597596726
"ENSG00000166562"	329.289228952374	0.346208047043296	0.109693589373339	3.15613746456036	0.00159873494218544	0.0410944702437933
"ENSG00000141682"	441.060734609937	-0.877961679392649	0.143231208339188	-6.12968144004996	8.8055203690478e-10	6.51330438245252e-07
"ENSG00000101255"	1915.68502208461	-0.4817448921054	0.115899956545254	-4.15655800455195	3.23078173236722e-05	0.00398293039181481
"ENSG00000088833"	1013.12186577417	0.704182660105194	0.188815009332636	3.72948454995245	0.000191871870082557	0.0123695745969736
"ENSG00000101365"	1722.43720192017	0.466512624603295	0.134265002894669	3.4745660786175	0.000511680321372	0.022461347099681
"ENSG00000198171"	313.316519373373	1.0338248666827	0.280328392235171	3.6879063816533	0.000226106804225935	0.0136382189982459
"ENSG00000125817"	1148.35012913372	0.502148150150204	0.16386362175555	3.06442726439493	0.00218087198210402	0.0482676769078582
"ENSG00000088826"	47.0979360961931	0.979132609315315	0.248054196107778	3.94725275636897	7.90530869730342e-05	0.00782402876281002
"ENSG00000125844"	556.505671756688	0.567913608715043	0.18273387544307	3.10787262262149	0.00188439266758925	0.0448868721191515
"ENSG00000101421"	942.142274916771	0.3641164622053	0.114091421609958	3.19144469467736	0.00141563210096435	0.0390103795038293
"ENSG00000125970"	2249.65517355468	0.770424609616265	0.211020510844786	3.65094656690952	0.000261275597961621	0.0151734184039364
"ENSG00000214185"	84.8149149304497	-1.05708372285563	0.268159911449968	-3.94199012499621	8.08083043935956e-05	0.00788666604130273
"ENSG00000242372"	994.443276965801	0.717758125654353	0.19437901971636	3.69256994248512	0.000221999258112356	0.0135651198848307
"ENSG00000126001"	891.939168353817	0.458460335191382	0.142184993405378	3.22439326549943	0.00126239905848996	0.0371166451213764
"ENSG00000101057"	3353.80345382498	0.449914788818721	0.139227392944042	3.23151054763736	0.00123137779207505	0.0365100917506809
"ENSG00000226243"	37.5287582834441	1.01761493100482	0.284768526958004	3.57348103695075	0.000352266765267276	0.0184991796775763
"ENSG00000198026"	531.283246437307	0.483994255865697	0.153434098186675	3.15441131786005	0.00160822247289642	0.0410944702437933
"ENSG00000124222"	1093.87454023194	-0.381807191149807	0.117298135737293	-3.25501499874578	0.00113386377545004	0.0353253990269718
"ENSG00000171700"	194.998511600205	0.691954126639561	0.221275450839111	3.12711655999598	0.00176529924365443	0.0433732789690898
"ENSG00000099804"	1445.12396408057	0.716817518539987	0.222406238586894	3.22300994385069	0.00126851149981791	0.0372184981595845
"ENSG00000182087"	2083.11874359165	0.665111340632093	0.218195886886749	3.04823042323116	0.00230193343972139	0.049618669573381
"ENSG00000115286"	474.829578233256	0.783301495914695	0.218675381086981	3.58202872230563	0.000340936297184367	0.018456124852799
"ENSG00000185761"	147.523328289517	0.729230203978879	0.229119551046531	3.18274979436732	0.00145883618516524	0.0394278533582929
"ENSG00000104897"	1004.97520220501	1.00881856124838	0.278645078791626	3.62044277122433	0.000294099298212806	0.0163370416485485
"ENSG00000104904"	11297.9534457922	-0.238032894612804	0.0761968656659575	-3.12391976405337	0.00178459113383915	0.0436185109477834
"ENSG00000130332"	880.88136114635	1.54908790176558	0.469979852760692	3.29607299688728	0.000980465359068209	0.0324222591913991
"ENSG00000099800"	1187.71243366992	0.652718386174385	0.205276843430611	3.17969808608744	0.00147428567700183	0.039669304426347
"ENSG00000176619"	3961.53583518531	0.613798894221154	0.185948130963732	3.30091456708898	0.000963702225390105	0.032289455220364
"ENSG00000088256"	575.398052903081	0.656582526053651	0.215253618933218	3.05027404095517	0.0022863264727667	0.0495217960290459
"ENSG00000183397"	25.5019590043389	1.74126635708221	0.454767839722819	3.82891270003506	0.000128710650418297	0.0106405851822279
"ENSG00000105229"	517.238779230805	0.755380678619375	0.227869672432126	3.3149680278071	0.000916536069057	0.0316486435246366
"ENSG00000167674"	665.776931775614	0.883204004169257	0.26672638604604	3.31127346364903	0.000928724017799883	0.0317573901366413
"ENSG00000185361"	231.346706844909	0.564095927565188	0.178750927307213	3.15576504168672	0.00160077754423353	0.0410944702437933
"ENSG00000130254"	1531.32154952071	0.790167413203991	0.20040214304012	3.94290899896116	8.04992061604959e-05	0.00788666604130273
"ENSG00000160633"	3171.04246184181	0.559294361142747	0.147353079188154	3.7956068799118	0.000147282725783571	0.0109519123183191
"ENSG00000130255"	2694.59141569039	1.39221068954538	0.429719586992389	3.23981203484224	0.0011960851747369	0.0360900046493822
"ENSG00000174917"	497.40252044553	0.730821303413616	0.200028261720461	3.65359023333881	0.000258598851530068	0.0151277909585634
"ENSG00000031823"	1124.9274642332	0.578632565238781	0.162678937771209	3.55689908703835	0.000375258223035551	0.0192804367721032
"ENSG00000125656"	635.582598883065	0.811830572718542	0.249337379728557	3.25595213041201	0.00113012803453314	0.0352951542162861
"ENSG00000125651"	1317.94658387513	0.628946132368213	0.19229750596089	3.27069313367033	0.00107284256896575	0.0341898627307135
"ENSG00000125733"	789.109356658659	0.615005341502656	0.186856999113722	3.29131552160035	0.000997199975310453	0.032632525540812
"ENSG00000130810"	140.230495243065	0.890082384707158	0.226104560215909	3.93659634222861	8.26454496685175e-05	0.00801033896304375
"ENSG00000130811"	1727.56455287671	0.855512799615263	0.2395673814775	3.57107380119531	0.000355520693281827	0.0185743041761442
"ENSG00000105364"	1197.28022985079	0.602912902715117	0.164053984464329	3.67508844532948	0.000237767032113109	0.0142194802949687
"ENSG00000105401"	2376.92302081179	1.14304154997127	0.260128619445368	4.39413991589392	1.11212174423503e-05	0.00188310349319025
"ENSG00000127616"	4170.52765548116	0.660839633287095	0.173550203713959	3.80777215552148	0.000140224378576176	0.0108764611567399
"ENSG00000130175"	2463.26157452345	0.791392605865998	0.233204962586901	3.39354959297273	0.000689930648566042	0.0266842882258552
"ENSG00000130176"	85.1260095198874	0.932914895200848	0.303098887719982	3.07792252956969	0.0020844909727727	0.0467978212960822
"ENSG00000130165"	827.461149354881	0.89482312940339	0.255254292045307	3.50561442956878	0.000455554630093611	0.0212867976834663
"ENSG00000105583"	325.733091571333	0.771712937531798	0.253139448465258	3.04856845588692	0.00229934519062957	0.049618669573381
"ENSG00000123144"	1348.63191054015	0.95455154996497	0.238577348190469	4.00101500500752	6.30713577749299e-05	0.0066149616579766
"ENSG00000198356"	658.146896582647	0.633225321677473	0.156175527062226	4.05457457764923	5.022562522424e-05	0.00578607234899883
"ENSG00000179218"	9039.1645698926	0.492364809112567	0.128194493993843	3.84076409035332	0.000122651942487205	0.0103921170890976
"ENSG00000104915"	301.266891394035	0.586121225543456	0.15866756186316	3.69402049581468	0.000220735998547393	0.0135651198848307
"ENSG00000104979"	650.52864749793	1.00884024375713	0.237063888030967	4.25556271828863	2.08523899515721e-05	0.00296349612652715
"ENSG00000228887"	39.1566656786717	-1.18096329587717	0.334531506003878	-3.53020051828386	0.000415244826682173	0.0203185901200376
"ENSG00000132002"	1675.64031861567	0.295166083865398	0.0920649802720603	3.20606253314947	0.00134564741997293	0.0378992561929852
"ENSG00000099795"	733.817344996224	0.869307726616897	0.232171580051614	3.74424693333973	0.000180935640003839	0.012225334060644
"ENSG00000011243"	864.540760256807	0.678437467995408	0.194470031700548	3.48864790149307	0.000485470164405864	0.0220090248082581
"ENSG00000214049"	721.344503444683	0.568652352251631	0.183956484744498	3.09123297850276	0.00199327170169853	0.0458485114495436
"ENSG00000053501"	192.80819728267	0.433580348305248	0.131038142253186	3.30881025058722	0.00093693312782165	0.0318275544712016
"ENSG00000221983"	6345.07929144593	0.671733351269433	0.19347391234053	3.47195827666486	0.000516676631605717	0.0224923784117744
"ENSG00000064490"	682.961823898365	0.597783060539657	0.185945093481855	3.21483643018519	0.00130518871154496	0.0375042760042071
"ENSG00000268119"	732.240984435269	-0.503557955590841	0.118645371074392	-4.24422757525959	2.19347661276721e-05	0.00308271203158304
"ENSG00000261824"	301.33410774569	-0.487114946503617	0.150158925784039	-3.24399594602984	0.00117865423765037	0.0358545598613384
"ENSG00000153879"	1303.08793785521	-0.507160778447214	0.0826399318536655	-6.136994151269	8.40974808524564e-10	6.51330438245252e-07
"ENSG00000105220"	5290.05347146485	0.552555566733278	0.142511691938664	3.87726479993721	0.000105637366432947	0.00957824224418477
"ENSG00000105698"	873.947951245212	0.687396681781446	0.193979347502721	3.54365910923482	0.00039461511868785	0.0199208922542395
"ENSG00000197050"	117.175969186011	-0.63147447063776	0.191526336940389	-3.2970633737662	0.000977014532777804	0.0324222591913991
"ENSG00000245680"	117.259437694302	-0.575217224113797	0.176932427864709	-3.25105595992633	0.00114977224339885	0.0354813303696131
"ENSG00000011332"	62.8602378234465	0.837640910122548	0.274348989129939	3.05319481139338	0.00226418897709734	0.0492038295155486
"ENSG00000167641"	492.468646811151	0.735802124469035	0.231600168125316	3.17703622767191	0.00148788448651144	0.0398968610460726
"ENSG00000188766"	21.6911030950946	1.26799586765941	0.375334894776511	3.37830530895461	0.000729340566620771	0.027406824393819
"ENSG00000130669"	439.063795215204	0.867807714542443	0.256728177015399	3.38025893624598	0.000724175698622247	0.0273304382297865
"ENSG00000130755"	77.5485783727648	0.692476707973351	0.200462207013474	3.45440029963756	0.000551518093849092	0.0233464918402263
"ENSG00000006712"	586.245618880955	0.821574267671678	0.218263134721608	3.76414582663987	0.000167119343076167	0.011685050983047
"ENSG00000128016"	105.998299850652	1.10793623744816	0.320624146121539	3.4555608205134	0.000549149282852484	0.0233464918402263
"ENSG00000105202"	3858.19808027565	0.526553423037365	0.147947548371892	3.55905473819532	0.000372191961228187	0.0192308302319887
"ENSG00000197782"	416.084418268932	-0.584314549087632	0.168521253062721	-3.46730479668436	0.000525705415717576	0.0226856377998769
"ENSG00000105372"	14266.8536348251	-0.227261354736094	0.0694808514201699	-3.2708487315704	0.00107225248325122	0.0341898627307135
"ENSG00000130204"	2867.70824608573	0.746575837470099	0.232187146156007	3.21540554604377	0.00130260354141382	0.0375042760042071
"ENSG00000104853"	1858.90591095006	0.306845055462399	0.0981029842145428	3.12778513231927	0.00176128889176103	0.0433732789690898
"ENSG00000104859"	821.107173408904	0.695272062678738	0.186394602109792	3.73010835511857	0.000191397441340086	0.0123695745969736
"ENSG00000007047"	315.32835095129	0.782616184962852	0.251614679091929	3.11037570537337	0.00186849515385238	0.0445837536370822
"ENSG00000125753"	1627.26454420903	0.82456330540758	0.265070816380435	3.11072835805565	0.00186626532375957	0.0445837536370822
"ENSG00000176182"	96.7014184583266	1.00629429692125	0.31787511261283	3.16569072882063	0.00154715194751125	0.0406661323817964
"ENSG00000011485"	1460.47250976575	0.559725319775115	0.147132795174498	3.80421862516297	0.000142252504431463	0.0108764611567399
"ENSG00000197380"	137.225082357678	0.915736927886157	0.235082119167874	3.89539166622972	9.80401752141358e-05	0.00908321546192836
"ENSG00000142227"	1738.22775624494	0.64500585356779	0.176579300379174	3.65278292632687	0.000259413520777984	0.0151277909585634
"ENSG00000104852"	3081.35000523068	0.83711779246153	0.261056875775568	3.20664908738586	0.00134290698919063	0.0378980217391267
"ENSG00000177380"	483.082255042233	0.82727162515885	0.231353270804422	3.57579394612578	0.000349166597994528	0.0184991796775763
"ENSG00000130528"	179.832620917294	0.829810436294756	0.252985431955447	3.28007201790533	0.00103780591125723	0.0335830228152119
"ENSG00000074219"	240.769618636044	0.605284672533154	0.195158131037341	3.10150886010146	0.0019253711044335	0.0451738990011828
"ENSG00000131398"	517.607659287296	0.705200066268874	0.213151261720477	3.30844894173632	0.000938142893799764	0.0318275544712016
"ENSG00000182310"	140.621452694523	0.832488777506	0.256520820756437	3.24530685287506	0.00117324124341661	0.0358545598613384
"ENSG00000142556"	578.871167529964	-0.513697836723396	0.163721200852743	-3.13763785049094	0.00170315165852487	0.042618505590163
"ENSG00000105619"	77.3420611301201	1.2294954547762	0.371153603135366	3.31263240984294	0.000924223654585663	0.0317573901366413
"ENSG00000105617"	55.2578900194997	1.54968004864497	0.444955715084586	3.48277366962322	0.000496247716091802	0.0222819980893105
"ENSG00000129991"	130.618453904647	0.824543389104436	0.256464923491026	3.21503376711587	0.0013042917861624	0.0375042760042071
"ENSG00000108107"	7916.28421844035	0.680159866578291	0.191512088960903	3.55152445085148	0.000383006404480116	0.0195737163947766
"ENSG00000213015"	373.541795503872	0.667199299447778	0.218245143874089	3.05710948525252	0.00223482631285416	0.048846421463223
"ENSG00000240225"	399.352974229529	-0.596107453313694	0.138909440890251	-4.29133865555375	1.77599220845254e-05	0.00268384887070882
"ENSG00000268205"	398.88301928963	-0.58589498127397	0.153247318314848	-3.82319891608311	0.000131731422481074	0.010678340676829
"ENSG00000130724"	517.791364730771	0.670689413305564	0.177540188609217	3.77767658443698	0.000158298260900154	0.0114720206021801
"ENSG00000099968"	1730.31873259496	-0.258057633187419	0.0828409617383834	-3.1150970217171	0.00183884415511	0.0441762662494288
"ENSG00000099901"	11287.7943954895	0.400762469171248	0.113619947853865	3.52721926687293	0.000419948833044727	0.0203185901200376
"ENSG00000100219"	1753.99036038177	-0.433328012107264	0.0843751756170084	-5.13572871331499	2.81052842268975e-07	0.000103945174874952
"ENSG00000185340"	406.016243981423	0.706991587457081	0.22123799796747	3.19561555407419	0.00139532896467513	0.0387157770854189
"ENSG00000100285"	796.60094203801	0.692015732067364	0.183581496539676	3.76952876575883	0.000163556058434981	0.0115508384183177
"ENSG00000184076"	894.078359398221	0.568949816227365	0.138955544198267	4.09447366429344	4.23128503303906e-05	0.005039532191045
"ENSG00000183963"	450.452697550925	0.476630684585467	0.153616618901269	3.10272865002844	0.00191745362637166	0.0450633666639253
"ENSG00000100345"	3686.86692091325	0.482151955998071	0.133469807682407	3.61244212732634	0.000303326816817907	0.0167174709159171
"ENSG00000100097"	933.264652001566	0.933147795968528	0.201199318324231	4.63792722430982	3.51920647918836e-06	0.0007273371743899
"ENSG00000128272"	5392.61813558428	-0.367266590198072	0.101306953655549	-3.62528510576683	0.000288642833114675	0.0162263455063745
"ENSG00000187051"	907.952675372081	0.783521400199022	0.243760735271955	3.21430520516307	0.00130760603686221	0.0375042760042071
"ENSG00000184208"	314.344805730414	0.684463025188975	0.197931421833445	3.45808168732772	0.000544036401804874	0.0233106328992857
"ENSG00000184983"	896.162012734608	0.377496014800663	0.122044926396203	3.09309060153119	0.00198083650844465	0.0457192892547381
"ENSG00000130638"	1428.55586747508	-0.447009741768537	0.145049318945868	-3.08177759824822	0.00205768513221531	0.0463736838647395
"ENSG00000184164"	253.936622061682	0.452655157194021	0.130302888271625	3.47386894640761	0.000513011534012173	0.022461347099681
"ENSG00000073150"	90.1956605750966	0.808313733123311	0.240663540622033	3.3586879468078	0.000783134465674131	0.0285874591703487
"ENSG00000272821"	17.205920060299	1.40366842369838	0.40024639910622	3.50701074846114	0.00045317084340466	0.0212867976834663
"ENSG00000213683"	20.3458726120004	1.29364048334551	0.350326434520013	3.69267162244818	0.000221910486219864	0.0135651198848307
"ENSG00000275464"	335.216402724443	0.726631537660029	0.161664739237783	4.49468165467592	6.96741030627043e-06	0.00130559979259099
"ENSG00000279669"	291.35462634205	0.949941497742667	0.300106614756588	3.16534675023125	0.00154898234593664	0.0406661323817964
"ENSG00000274735"	90.296597399246	1.8110173129593	0.562487766862744	3.21965635459095	0.00128344348971428	0.0374033292851978
"ENSG00000198618"	186.665593649354	-0.6220732590817	0.181294492420871	-3.43128602956989	0.000600726829587901	0.0246129472213483
"ENSG00000156253"	297.033442852631	-0.714162571859957	0.136862344685693	-5.21810855644805	1.80759516999287e-07	6.86593041056211e-05
"ENSG00000159216"	1710.14848998518	-0.414739913602247	0.0939298022130163	-4.41542411280383	1.0081214213107e-05	0.00179343524748109
"ENSG00000173276"	786.050191594973	-0.58988522465952	0.154483998962661	-3.81842280508349	0.00013430759725276	0.0107247668851721
"ENSG00000211459"	5238.2238791966	0.800729305580875	0.236075014318897	3.39184266446438	0.000694242930663108	0.0266842882258552
"ENSG00000210077"	19.6304849594066	1.82885996921961	0.597903427677477	3.05878823328328	0.00222234181641283	0.0487251043492448
"ENSG00000210100"	17.4098192611224	2.23302244346906	0.660694932631103	3.37980864266121	0.000725363132183745	0.0273304382297865
"ENSG00000210135"	491.394072092077	2.0476939474358	0.516187941573762	3.9669542476966	7.2796960277444e-05	0.00736034877510214
"ENSG00000210140"	332.250670300358	2.92646239576372	0.722447417409041	4.05076179282234	5.10511577683119e-05	0.00578607234899883
"ENSG00000210174"	86.46194133375	1.88846636228922	0.341416200895273	5.53127343499582	3.17914297973881e-08	1.71844905527882e-05
"ENSG00000210176"	146.957737428792	4.56776869846007	1.15228998190376	3.96407915559017	7.36798034985565e-05	0.00739639970263367
"ENSG00000198786"	38813.2225208932	0.66028052633306	0.136860780905988	4.82446849975683	1.40377099995813e-06	0.000358701775152937
"ENSG00000277765"	138.568645231924	5.09631666245929	1.3400553809052	3.80306421292586	0.000142917291811088	0.0108764611567399
"ENSG00000274804"	137.444634765608	6.59316106404061	1.44350433119585	4.56746884755004	4.9364901523947e-06	0.000977146938052888
"ENSG00000271254"	315.944177973036	0.546992604115576	0.141777330739487	3.85811046986534	0.000114267002103935	0.00987389631779254
